91
82
257
155
256
0
82
155
82
247
265
82
73
268
91
164
7
164
82
91
268
276
256
258
256
164
281
257
247
267
276
268
261
73
0
268
274
274
259
73
155
263
271
273
82
290
286
300
289
73
91
278
273
256
91
290
259
312
286
286
164
276
267
7
300
257
309
0
0
91
296
275
314
286
155
290
267
0
299
274
281
325
267
285
328
285
155
314
331
264
7
247
164
263
289
257
348
317
276
164
327
305
323
274
325
271
284
323
73
82
7
7
317
338
284
257
324
258
296
263
366
310
295
291
354
310
336
292
306
261
296
82
298
300
0
7
301
287
319
73
281
308
321
364
262
271
371
358
316
364
275
285
306
278
399
301
361
281
358
364
289
284
286
325
409
301
331
8
347
377
320
268
417
287
259
309
303
261
267
348
256
395
387
275
296
355
429
408
384
323
288
379
91
417
257
7
327
348
321
309
330
445
286
403
327
155
247
263
262
306
305
309
310
363
446
350
462
306
267
430
293
466
293
445
323
391
287
270
7
8
297
8
325
430
364
259
274
479
0
349
350
374
434
435
419
269
398
287
331
287
477
257
359
507
407
309
415
363
276
290
278
507
516
371
305
321
332
513
505
463
407
509
304
473
260
457
289
301
491
509
527
323
419
492
392
503
494
527
535
445
473
492
379
541
507
368
257
532
261
516
399
356
387
350
339
552
389
545
507
290
271
494
246
272
268
164
479
458
479
292
509
436
343
493
532
295
164
347
430
455
264
285
587
339
291
461
265
396
336
408
82
